NumberOfNodes
3
NumberOfTypesOfHf
1
NumberOfTypesOfLinks
1
NumberOfTimePeriods
2
ExistingNodes
0
1
0
ExistingLinks
1
1
1
1
1
0 
1
0
1 
DemandRate
100 200 
120 220 
150 200 
Distance
0 20 15 
20 0 18 
15 18 0 
Population
8000 10000 
5000 8000 
15000 20000 
FacilityBudget
400000000 500000000 
LinkBudget
100000000 150000000 
MinPopulationForOpening
5000 
5000 
5000 
MinimumServingCapacity
200 
300 
500 
MaximumServingCapacity
800 
600 
900  
FixedCostHF
50000000 60000000
60000000 70000000
65000000 75000000
FixedCostLink
10000000 10000000
10000000 10000000
10000000 10000000
10000000 10000000
10000000 10000000
10000000 10000000
10000000 10000000
10000000 10000000
10000000 10000000
OperatingCostHF
10000 15000
12000 20000
15000 22000
OperatingCostLink
3000000 3000000
3000000 3000000
3000000 3000000
3000000 3000000
3000000 3000000
3000000 3000000
3000000 3000000
3000000 3000000
3000000 3000000
AverageSpeed
20
22
25
22
20
25
25
20
29
TravellingCost
ServingCapacityExpansionCost
50000 75000
60000 80000
80000 90000
LinkCapacity
5000
6000
7000
6000
8000
9000
7000
9000
8000





